206
79
285
102
287
131
284
162
284
202
284
231
284
280
284
315
285
346
286
371
285
402
283
428
283
476
282
507
281
537
281
570
281
609
281
654
281
680
283
728
283
752
283
773
281
790
269
790
253
788
225
786
198
786
190
759
180
730
182
713
181
687
181
667
181
632
181
603
183
572
184
537
184
511
184
470
185
431
185
406
185
384
185
350
185
311
185
271
185
240
185
217
185
193
185
155
185
110
184
86
184
91
203
87
229
81
261
83
286
81
313
85
348
82
382
81
414
86
440
89
444
114
448
132
450
168
451
208
450
248
451
281
451
318
453
396
454
427
452
460
452
486
453
333
455
349
453
368
453
505
451
539
452
568
449
590
448
606
450
634
450
652
450
678
450
711
450
734
450
762
451
777
451
780
453
785
499
782
520
784
557
787
585
776
479
751
545
748
573
749
590
817
585
815
563
984
481
983
514
985
533
986
562
983
586
878
424
880
446
884
451
908
452
922
444
896
430
941
435
964
434
991
440
978
454
935
448
915
423
976
429
994
431
984
465
884
380
906
390
935
388
972
389
996
385
851
348
882
358
892
356
921
281
919
318
983
239
985
275
986
306
876
313
878
298
880
267
881
247
882
216
884
194
894
180
934
182
948
176
978
178
993
180
909
82
933
82
960
82
972
83
978
83
357
87
407
514
407
547
405
565
424
583
426
583
429
547
433
536
460
545
450
570
446
583
479
575
478
554
490
538
493
533
493
526
493
523
484
571
471
593
222
560
219
594
204
591
182
585
149
581
111
586
89
584
85
579
83
569
86
556
115
561
136
562
181
566
198
564
206
558
190
557
150
556
104
551
283
386
281
363
282
357
316
311
316
340
317
348
352
388
348
367
345
349
556
318
582
316
609
317
617
329
619
353
620
375
611
385
591
378
558
379
546
377
546
364
548
346
577
347
593
350
