342
97
283
97
283
122
283
137
285
150
286
166
282
166
282
171
282
195
286
198
286
212
286
222
286
233
286
240
286
250
285
272
284
275
280
280
271
279
255
279
241
279
231
277
222
271
220
246
218
223
219
209
219
187
220
184
220
147
221
115
220
104
218
99
217
84
212
82
209
79
200
80
187
84
175
87
157
87
145
105
139
119
137
139
134
154
135
158
136
177
136
207
138
213
140
230
140
250
141
266
139
277
139
289
140
308
141
334
145
334
145
342
146
343
148
349
150
349
157
346
172
349
189
350
194
350
203
350
231
352
243
352
262
354
275
353
296
353
303
353
326
353
345
352
353
352
360
351
375
350
379
343
381
331
381
326
382
307
382
291
383
277
386
263
386
253
387
223
387
223
387
205
387
186
387
171
387
136
388
129
391
123
396
118
413
119
434
123
445
129
450
140
453
168
451
180
453
203
458
205
458
223
457
239
457
263
457
289
458
323
457
357
457
357
457
363
455
388
450
406
450
406
450
423
453
448
453
479
457
521
457
504
455
540
451
550
439
550
418
551
397
551
379
553
364
553
343
558
317
555
293
549
278
549
247
549
228
549
194
549
168
547
151
550
121
555
88
568
83
587
82
599
81
634
81
666
83
667
83
687
79
695
78
739
80
742
80
757
79
792
73
817
73
842
73
881
75
891
76
906
76
922
75
937
75
942
82
946
96
951
134
950
140
936
142
905
143
880
143
858
140
835
139
819
139
786
140
770
138
734
139
696
141
684
141
681
144
666
169
669
189
673
202
679
215
686
224
710
221
729
221
766
221
766
221
796
223
825
222
840
218
862
217
893
218
931
220
946
224
954
267
954
272
947
325
953
359
949
394
949
418
936
413
916
413
904
414
867
416
826
417
797
422
768
420
730
419
700
424
685
423
677
438
681
457
683
484
677
508
650
517
618
517
613
516
593
516
583
531
576
555
582
579
550
583
614
580
86
551
117
548
120
547
149
551
154
567
145
584
113
585
100
584
97
583
108
580
136
578
173
579
199
575
202
576
208
579
232
583
261
587
294
591
308
592
313
586
313
586
304
588
281
589
209
586
198
591
150
597
785
547
784
576
825
558
820
579
852
584
893
577
878
558
867
548
661
291
696
289
704
301
714
326
722
347
714
363
692
368
683
368
661
366
647
362
645
357
645
349
661
315
667
312
667
316
671
327
687
329
690
331
673
342
751
287
770
288
805
290
811
291
814
306
803
337
776
344
758
337
739
311
771
314
778
316
853
299
879
304
889
304
902
300
924
299
924
309
920
333
883
343
845
339
844
330
850
308
867
300
869
300
878
305
884
317
870
327
869
328
954
250
949
293
407
99
429
102
459
102
467
102
490
102
448
89
451
101
451
122
453
149
450
162
446
181
448
193
76
82
89
85
119
86
151
86
204
90
236
91
262
91
277
89
259
95
194
96
160
90
109
95
127
103
147
104
457
220
457
236
458
247
450
262
402
266
405
266
441
266
472
266
502
267
448
271
447
279
444
326
442
332
450
353
449
345
448
322
444
300
484
346
418
348
418
381
