231
83
551
113
553
117
523
119
497
117
471
118
443
119
413
119
389
118
360
118
336
119
313
125
284
125
253
114
247
154
292
180
293
186
316
169
315
155
313
146
289
146
263
146
255
164
249
188
252
201
251
219
247
234
247
248
247
257
247
272
246
286
255
252
66
288
66
321
67
355
66
390
66
353
116
354
141
354
169
353
178
368
174
380
176
400
175
401
168
399
147
399
129
399
118
393
114
388
119
384
146
447
127
447
154
445
166
444
174
488
83
484
107
485
127
487
147
484
161
481
187
484
204
488
236
486
252
489
272
488
294
485
319
481
356
488
369
487
387
485
403
487
416
487
427
480
478
487
456
489
488
485
513
486
537
485
556
472
551
453
545
427
548
421
550
419
524
419
498
421
484
403
489
383
487
363
483
348
485
320
480
313
483
296
483
286
483
282
476
284
467
284
454
281
434
282
415
283
392
286
373
287
351
285
325
284
299
284
284
286
259
314
544
320
570
318
585
317
587
350
583
376
582
383
581
292
591
275
573
225
568
254
571
228
583
198
580
180
579
176
552
194
564
187
591
518
212
521
237
519
259
515
286
514
308
513
336
519
365
557
251
582
238
613
248
609
261
592
273
564
270
581
293
611
284
620
279
649
281
654
253
649
237
649
213
645
311
651
336
650
356
585
399
584
366
584
348
684
85
683
102
682
120
682
139
683
162
685
188
685
210
683
229
681
269
681
291
684
327
686
361
684
391
688
449
683
481
683
482
676
427
679
410
689
491
708
490
740
486
753
486
772
484
777
482
780
469
780
446
780
425
781
400
784
376
784
365
784
337
784
325
783
302
783
288
783
260
784
245
786
222
786
204
785
178
785
158
785
131
785
99
785
81
817
82
846
84
880
84
888
92
885
102
890
127
886
152
886
174
884
198
884
224
885
246
885
273
881
301
885
332
884
356
884
390
883
427
883
457
885
486
885
520
884
540
885
572
888
582
918
578
917
581
849
579
819
568
813
536
817
507
954
513
953
535
950
559
951
569
518
83
547
81
574
82
596
82
621
83
655
84
113
274
