199
89
249
122
248
151
248
152
210
152
197
153
167
152
150
152
123
152
114
186
115
214
111
227
113
249
113
283
113
298
113
324
112
346
112
369
114
394
115
435
115
424
116
455
116
469
116
491
116
518
113
542
113
578
113
613
115
628
115
661
115
680
115
703
118
721
117
735
117
767
117
813
117
825
118
833
118
859
118
873
118
918
118
921
120
923
162
918
192
919
225
893
219
872
219
887
252
951
254
973
253
986
278
977
293
944
285
942
268
976
278
916
320
880
317
851
317
817
318
793
319
771
318
734
318
708
320
672
320
644
321
610
321
591
318
584
327
588
346
587
380
589
406
589
437
588
455
586
481
587
508
587
514
574
516
536
514
511
515
476
516
455
517
450
512
442
487
442
464
448
435
448
416
447
410
432
413
405
408
383
407
361
412
344
413
323
413
300
413
284
415
263
415
224
416
201
413
183
415
154
416
130
417
106
416
89
417
85
404
84
385
83
359
84
336
84
318
90
318
109
318
138
317
157
314
190
312
208
312
246
316
267
315
298
315
309
315
318
309
318
309
321
285
321
267
325
240
325
218
326
215
350
217
367
217
392
219
466
219
422
219
510
215
537
216
570
217
605
217
635
217
672
217
699
217
729
218
773
219
787
217
824
217
843
216
750
213
917
334
917
363
917
397
915
424
920
447
920
472
919
493
914
519
915
539
915
551
917
587
881
586
951
586
515
386
490
387
470
385
462
383
466
362
467
345
465
328
458
322
444
324
421
323
406
323
380
322
386
314
386
299
388
279
397
259
411
260
437
258
458
254
488
256
510
256
522
258
530
258
538
276
538
295
542
325
523
319
491
325
518
296
510
291
490
289
460
288
424
289
482
310
103
585
73
582
72
194
72
160
71
129
219
184
186
152
252
152
218
150
