298
82
251
117
251
117
285
116
316
116
333
116
349
116
352
115
367
117
389
118
400
119
405
118
415
115
432
114
447
112
471
114
490
101
485
91
481
84
454
84
439
88
466
82
496
147
484
67
543
79
542
90
542
103
540
120
538
121
538
111
557
97
566
106
574
132
560
148
551
170
548
193
554
179
564
132
553
141
537
165
536
211
540
245
542
275
540
306
542
264
557
208
560
259
567
280
568
309
568
343
572
360
573
388
572
324
590
242
588
175
585
116
576
170
582
379
586
408
579
400
551
330
539
353
538
404
538
448
539
499
541
536
541
582
541
630
542
661
542
722
543
754
543
827
542
860
542
923
542
944
539
984
539
988
549
983
572
956
580
914
572
868
565
820
565
771
563
721
563
656
564
610
565
560
566
497
563
427
552
397
541
376
541
449
542
482
545
523
543
573
538
661
539
698
542
731
542
793
542
822
539
875
543
883
553
823
587
751
576
683
577
635
573
576
569
500
569
447
565
417
571
464
582
536
582
613
582
720
583
849
587
904
585
960
579
976
553
875
557
787
577
602
559
559
557
474
568
347
578
272
579
203
577
173
581
117
583
87
579
687
495
684
480
684
445
684
423
710
422
731
424
766
424
757
456
749
480
737
504
711
501
715
474
719
447
737
449
646
454
629
451
599
453
563
455
533
456
517
356
516
381
612
317
620
340
618
347
839
226
883
230
847
230
860
206
865
174
871
148
870
143
815
180
982
181
963
423
963
424
966
460
969
489
964
501
964
501
937
489
913
486
870
487
846
488
848
485
892
484
909
485
94
140
94
124
146
147
218
149
320
147
349
173
353
182
361
191
340
190
317
199
315
208
296
196
285
183
303
174
318
164
328
150
391
148
381
147
208
406
215
427
215
444
224
451
232
453
244
440
244
419
232
397
260
436
254
446
165
484
185
484
228
484
212
484
263
485
302
484
320
484
312
457
315
433
319
400
319
368
317
344
318
316
318
284
318
253
353
253
361
252
399
253
427
256
438
249
446
244
446
219
455
193
455
166
451
144
477
145
518
150
540
146
565
147
591
147
612
147
621
125
621
110
656
113
677
113
700
113
737
113
766
115
784
118
785
132
785
159
787
192
784
209
784
233
785
245
778
249
766
252
747
251
720
252
697
253
667
252
643
253
610
250
580
252
557
252
550
260
547
289
545
312
543
342
544
367
546
378
556
386
578
384
599
384
625
384
649
384
684
383
714
383
743
383
772
382
804
382
818
384
818
404
820
412
831
414
864
416
893
418
911
417
925
389
923
358
920
340
921
314
923
288
921
262
921
237
921
224
931
208
943
211
968
210
986
209
911
221
916
295
914
338
916
394
917
411
