229
17
185
51
185
86
185
120
185
149
178
149
185
147
151
148
149
148
137
148
134
148
125
148
122
151
115
151
111
149
106
149
91
149
83
149
81
149
75
149
73
149
65
149
59
149
57
150
54
150
49
151
49
386
82
386
89
386
103
386
109
386
128
386
138
384
149
385
163
387
171
385
180
381
198
385
228
384
234
384
240
381
247
381
249
377
250
369
248
360
248
340
252
326
254
318
254
314
254
312
252
297
254
288
252
270
251
264
252
259
253
224
255
222
254
219
250
223
265
226
282
222
299
214
311
215
315
214
318
195
318
157
317
156
318
173
320
119
317
83
316
82
344
90
375
81
386
76
406
81
418
79
429
79
445
82
458
84
484
104
488
127
485
146
486
165
486
174
485
197
489
217
485
245
485
272
484
303
488
327
486
349
486
376
484
392
484
418
484
450
483
482
483
511
484
530
483
551
481
550
452
550
424
553
399
548
385
550
366
551
334
550
311
550
286
550
254
550
227
550
208
550
181
552
154
550
135
550
108
550
86
575
86
584
86
604
85
621
85
645
85
660
85
678
85
727
91
707
80
717
97
717
85
719
122
719
139
719
159
720
185
719
201
718
220
715
246
718
271
718
273
720
284
720
284
734
283
740
283
752
284
763
284
779
286
795
283
802
284
808
284
823
286
830
286
831
286
851
290
851
286
850
317
852
336
855
360
855
379
855
394
853
404
851
417
842
419
823
417
794
422
765
422
745
418
730
416
704
418
668
417
651
416
648
432
652
443
651
468
647
499
651
523
648
542
647
546
650
549
654
551
673
551
696
550
723
553
735
552
743
550
768
552
788
551
808
551
821
549
817
563
818
585
819
587
939
299
939
330
965
330
965
299
953
130
981
130
968
155
968
169
969
189
969
215
787
121
821
123
849
120
855
139
852
170
845
189
813
193
791
190
778
169
778
144
822
150
185
570
209
568
239
569
311
554
346
554
347
578
313
581
295
324
293
357
295
385
316
387
347
386
373
388
372
376
373
354
372
327
355
318
319
321
318
344
349
353
327
359
