326
916
558
920
591
975
593
981
558
987
577
955
596
946
590
946
576
947
556
947
542
948
530
951
506
951
484
951
465
951
441
951
419
950
397
949
378
949
354
949
332
949
309
949
287
949
266
949
242
951
226
948
191
948
177
947
163
948
141
948
123
948
101
948
80
948
65
948
51
948
47
929
48
906
50
874
51
855
51
851
53
844
85
849
108
851
82
849
73
857
123
848
148
849
181
849
200
849
227
850
251
851
275
851
309
854
327
855
359
855
385
853
419
848
450
849
488
849
525
851
549
844
550
817
551
781
558
752
550
750
526
750
493
753
458
747
428
747
393
748
358
748
324
748
298
748
268
748
232
748
207
747
174
749
152
751
123
749
112
751
80
736
120
716
116
695
117
660
118
619
118
615
118
618
96
617
88
617
84
632
71
629
92
737
100
737
84
737
74
634
119
626
124
621
137
619
152
620
168
615
191
614
203
614
221
613
244
615
269
614
292
611
313
610
340
614
369
616
397
615
436
614
469
610
492
610
517
600
512
587
513
572
515
541
519
506
520
480
520
464
517
443
508
444
488
474
485
483
487
462
472
452
462
479
465
496
463
521
459
552
453
578
454
587
454
590
423
592
379
593
346
593
317
592
285
592
249
592
224
592
174
579
174
560
172
537
171
516
171
479
172
450
172
414
173
397
174
346
175
332
175
286
175
248
175
234
177
233
181
231
197
222
216
221
234
220
248
214
265
214
292
216
311
215
351
216
365
216
391
218
416
217
431
216
446
224
457
252
462
293
467
307
469
340
470
358
471
347
482
301
465
281
449
346
463
363
461
271
323
301
325
328
328
329
338
316
346
287
348
277
346
350
238
357
236
372
228
377
222
394
220
416
222
439
227
453
239
453
246
450
290
439
294
430
270
428
258
407
244
368
249
353
258
347
286
362
301
383
281
405
262
412
279
401
304
394
332
385
340
402
348
411
336
422
319
479
324
494
331
519
330
525
331
517
345
484
346
472
349
552
460
580
463
355
511
351
516
332
519
305
513
289
513
275
515
273
515
261
515
242
515
226
515
225
515
193
517
183
518
164
518
138
518
156
511
150
502
149
484
149
474
150
453
150
439
152
411
152
399
151
375
151
357
151
338
151
321
150
319
146
317
132
318
97
314
69
314
51
317
82
84
117
90
140
85
168
79
179
83
201
82
213
84
258
112
291
121
282
100
282
77
316
113
340
115
355
115
355
79
370
126
389
122
409
120
410
89
420
114
456
122
474
121
478
90
480
71
490
120
510
121
519
133
523
148
549
153
566
154
584
151
587
152
517
151
459
147
423
149
482
151
434
149
391
144
357
150
367
166
399
173
352
160
309
154
273
158
311
154
321
152
292
152
260
149
245
149
212
150
160
151
141
153
126
152
119
149
188
150
114
153
116
159
119
174
118
190
117
209
114
231
119
256
121
268
119
281
121
415
122
433
122
446
121
449
77
455
85
439
83
426
598
193
