243
78
250
113
251
145
252
167
252
187
248
194
248
215
251
246
251
267
251
298
252
306
252
326
252
354
250
374
250
407
250
439
253
436
248
461
249
475
249
498
249
513
247
529
246
562
246
571
246
595
248
616
248
634
247
663
248
669
250
681
250
681
250
683
236
683
214
683
195
681
176
682
146
682
130
680
114
697
117
726
114
739
113
767
112
782
114
809
115
826
114
851
115
871
115
880
117
892
121
890
118
891
148
890
171
891
196
891
221
891
254
890
284
891
313
893
335
892
352
886
352
865
348
837
352
796
356
765
359
734
357
700
357
665
355
622
355
590
355
564
354
533
354
495
354
462
354
425
353
395
352
358
354
311
359
268
357
225
356
205
354
177
355
146
350
128
350
112
356
113
382
110
416
108
454
117
489
119
489
152
483
193
484
258
482
268
482
208
487
287
485
315
485
351
484
394
483
427
481
452
481
490
486
509
485
543
489
566
489
603
485
621
484
665
484
696
484
737
484
766
484
794
484
816
485
844
485
894
485
897
484
924
481
865
484
920
494
919
511
918
530
918
566
920
590
881
582
955
583
881
452
911
456
910
435
940
431
968
429
989
443
987
447
950
449
927
452
972
453
988
431
976
137
979
157
977
177
979
200
979
223
979
249
979
254
784
180
784
211
748
273
749
293
718
285
820
317
87
319
51
342
49
376
55
386
52
408
52
426
52
445
52
466
50
482
51
501
53
515
53
517
208
551
228
551
208
583
230
583
255
583
284
585
451
583
477
580
481
581
502
581
506
581
541
580
541
580
569
582
585
583
600
583
623
585
643
589
654
589
653
573
650
552
651
542
677
546
680
557
679
573
682
591
710
589
725
591
752
590
756
588
779
587
796
588
814
587
825
589
725
582
824
590
851
584
113
122
137
132
177
131
184
131
181
102
168
91
158
89
139
103
156
110
283
83
279
121
349
119
394
93
400
120
413
138
431
133
418
110
420
97
427
86
450
88
475
87
494
90
509
92
532
97
543
105
549
135
547
146
519
153
493
146
457
143
430
131
441
119
476
119
505
123
516
124
449
60
443
56
242
418
290
422
270
414
270
430
314
396
389
392
451
419
20
217
20
285
