177
82
252
108
251
145
250
167
250
197
250
217
250
216
265
216
285
211
310
215
331
212
353
217
378
215
398
215
428
216
451
215
479
214
495
217
529
217
553
248
552
280
554
312
557
339
556
375
557
411
557
437
556
469
555
519
555
548
555
582
555
612
553
648
554
682
554
687
549
686
526
686
501
689
472
688
448
548
329
504
318
485
315
447
315
409
319
426
335
466
342
497
342
522
344
665
453
654
447
622
449
592
445
569
446
538
444
519
447
489
448
461
449
440
449
402
450
360
449
344
448
307
444
315
454
313
420
315
396
317
372
316
344
317
320
316
299
316
273
316
249
359
248
363
249
384
249
412
249
441
249
480
249
499
249
536
248
564
248
594
251
621
250
658
249
698
249
729
249
764
250
785
251
787
274
787
305
784
336
784
369
786
405
785
422
778
480
781
505
781
552
782
580
785
591
784
515
784
462
786
438
874
239
901
246
924
248
922
268
913
314
906
319
883
299
868
266
905
263
926
298
882
317
390
136
424
142
431
124
430
107
436
99
427
92
394
86
377
108
399
126
405
118
491
119
483
149
508
143
516
127
482
119
479
135
285
187
283
183
270
162
256
144
254
130
254
103
263
93
283
85
305
88
321
104
334
145
318
157
299
144
288
106
296
152
299
157
304
127
279
131
218
155
209
143
193
139
183
144
194
161
208
152
118
151
119
139
121
125
120
143
87
80
91
100
89
123
90
142
90
146
123
80
149
83
195
86
221
99
198
115
155
111
126
115
198
125
212
119
215
113
180
85
176
86
229
102
231
94
349
131
352
136
467
103
