187
89
584
121
584
147
585
179
585
192
585
252
524
220
385
348
490
383
418
419
420
388
283
587
286
581
421
718
288
787
455
868
322
877
321
897
320
928
321
937
323
976
318
984
319
918
177
926
188
937
227
940
251
927
252
914
214
917
189
935
206
939
265
84
80
104
80
137
77
138
81
163
80
179
80
203
80
240
80
258
80
286
84
314
84
332
82
351
80
371
78
397
78
424
78
459
79
489
78
533
80
559
80
593
81
639
78
682
76
707
76
750
77
778
79
803
87
850
84
896
85
925
84
967
85
988
85
962
84
924
78
846
82
807
87
755
93
720
95
690
93
658
88
628
88
595
89
543
90
478
84
423
86
377
87
151
217
116
175
116
218
114
244
117
288
118
313
117
341
116
348
103
353
92
348
139
181
161
184
189
187
211
188
223
186
217
234
218
270
214
308
214
347
215
353
214
211
230
349
271
354
254
347
295
353
285
354
283
397
285
411
286
452
279
489
282
513
286
535
287
548
284
366
303
547
327
553
343
552
367
549
392
549
422
550
441
549
452
545
451
545
446
523
446
511
447
493
448
479
448
452
448
440
450
413
450
399
452
361
452
336
452
308
450
279
453
251
454
225
454
192
452
169
451
155
451
141
475
148
495
146
514
145
548
144
576
142
600
142
630
145
649
149
612
150
571
151
646
157
653
195
650
212
651
233
651
265
650
281
650
308
651
334
651
357
648
375
646
416
648
433
649
456
648
517
647
487
644
467
657
554
650
552
671
554
690
553
714
548
742
551
760
552
791
550
826
552
847
547
847
537
846
507
849
479
849
455
848
447
861
444
882
445
898
446
922
450
965
450
973
449
996
447
931
448
